image: fail1.pgm
resolution: 0.050000
origin: [-5.273610, -17.776740, 0.000000]
negate: 0
occupied_thresh: 0.65
free_thresh: 0.196

