image: fail1.pgm
resolution: 0.050000
origin: [-5.273610, -17.776740, 0.000000]
negate: 0
occupied_thresh: 0.65
free_thresh: 0.196
width_meters: 74.65
height: 54.8
gps_references: [
  {
    x: 0,
    y: 54.8,
    lat: 55.70893367924249,
    lng: 13.209777474403381
  },
  {
    x: 74.65,
    y: 54.8,
    lat: 55.70970889106225,
    lng: 13.209756016731264
  },
  {
    x: 0,
    y: 0,
    lat: 55.708960879917605,
    lng: 13.21083426475525
  }
]
