image: exjobb_cartographer.pgm
resolution: 0.050000
origin: [-3.939871, -3.409468, 0.000000]
negate: 0
occupied_thresh: 0.65
free_thresh: 0.196
gps_references_bak: [[123.567, 456.789, 1, 0], [123.567, 456.787, 1, 0.5]]
